NODES: 72
TIME HORIZON:                  09 8 [09:00-16:59]
TIME BUCKETS IN HORIZON:   4   09 2 [09:00-10:59]     11 2 [11:00-12:59]     13 2 [13:00-14:59]     15 2 [15:00-16:59]
TIME BUCKETS FOR REQUESTS: 2   09 2 [09:00-10:59]     11 2 [11:00-12:59]
--------------------------------------------------------------------------------------------------------------------------------------------------------------

NODE 		 TYPE 		 VOL   		  TIME WINDOW  				  OFFLINE		09 2 [09:00-10:59]  11 2 [11:00-12:59]  13 2 [13:00-14:59]  15 2 [15:00-16:59]
01098 		 CST 		 011		  09 8 [09:00-16:59]		  1  			0.0000  			0.0000  			0.0000  			0.0000  			
02027 		 CST 		 001		  09 8 [09:00-16:59]		  1  			0.0000  			0.0000  			0.0000  			0.0000  			
02032 		 CST 		 004		  09 8 [09:00-16:59]		  1  			0.0000  			0.0000  			0.0000  			0.0000  			
02035 		 CST 		 003		  09 8 [09:00-16:59]		  0  			0.0309  			0.0000  			0.0000  			0.0000  			
02040 		 CST 		 003		  09 8 [09:00-16:59]		  1  			0.0000  			0.9574  			0.0000  			0.0000  			
02083 		 CST 		 002		  09 4 [09:00-12:59]		  1  			0.0000  			0.0000  			0.0000  			0.0000  			
02087 		 CST 		 023		  09 8 [09:00-16:59]		  1  			0.5327  			0.0000  			0.0000  			0.0000  			
02094 		 CST 		 014		  09 8 [09:00-16:59]		  1  			0.0000  			0.0000  			0.0000  			0.0000  			
02098 		 CST 		 003		  09 8 [09:00-16:59]		  1  			0.0000  			0.0000  			0.0000  			0.0000  			
02104 		 CST 		 003		  09 8 [09:00-16:59]		  1  			0.5249  			0.7663  			0.0000  			0.0000  			
02114 		 CST 		 002		  09 8 [09:00-16:59]		  1  			0.6907  			0.0000  			0.0000  			0.0000  			
02117 		 CST 		 009		  09 4 [09:00-12:59]		  1  			0.0000  			0.0000  			0.0000  			0.0000  			
02127 		 CST 		 001		  09 8 [09:00-16:59]		  1  			0.0000  			0.0000  			0.0000  			0.0000  			
02135 		 CST 		 003		  09 4 [09:00-12:59]		  1  			0.0000  			0.0000  			0.0000  			0.0000  			
02137 		 CST 		 006		  09 8 [09:00-16:59]		  1  			0.0000  			0.0000  			0.0000  			0.0000  			
02143 		 CST 		 003		  09 4 [09:00-12:59]		  1  			0.0000  			0.0000  			0.0000  			0.0000  			
02152 		 CST 		 006		  09 8 [09:00-16:59]		  1  			0.0000  			0.0000  			0.0000  			0.0000  			
02157 		 CST 		 021		  09 4 [09:00-12:59]		  1  			0.0000  			0.0000  			0.0000  			0.0000  			
02178 		 CST 		 004		  09 8 [09:00-16:59]		  1  			0.0000  			0.0958  			0.0000  			0.0000  			
02182 		 CST 		 020		  09 8 [09:00-16:59]		  1  			0.0000  			0.0000  			0.0000  			0.0000  			
02193 		 CST 		 001		  09 8 [09:00-16:59]		  1  			0.5294  			0.0000  			0.0000  			0.0000  			
02195 		 CST 		 002		  09 4 [09:00-12:59]		  1  			0.0000  			0.0000  			0.0000  			0.0000  			
02205 		 CST 		 001		  09 4 [09:00-12:59]		  1  			0.0000  			0.0000  			0.0000  			0.0000  			
02212 		 CST 		 005		  09 8 [09:00-16:59]		  1  			0.0000  			0.0000  			0.0000  			0.0000  			
02223 		 CST 		 002		  09 8 [09:00-16:59]		  1  			0.0000  			0.0000  			0.0000  			0.0000  			
02236 		 CST 		 012		  09 4 [09:00-12:59]		  1  			0.0000  			0.0000  			0.0000  			0.0000  			
02243 		 CST 		 003		  09 8 [09:00-16:59]		  1  			0.0000  			0.4349  			0.0000  			0.0000  			
02258 		 CST 		 001		  09 8 [09:00-16:59]		  1  			0.0000  			0.0000  			0.0000  			0.0000  			
02263 		 CST 		 001		  09 8 [09:00-16:59]		  1  			0.0000  			0.0000  			0.0000  			0.0000  			
02264 		 CST 		 001		  09 8 [09:00-16:59]		  1  			0.0000  			0.0000  			0.0000  			0.0000  			
02279 		 CST 		 040		  09 8 [09:00-16:59]		  1  			0.8821  			0.0000  			0.0000  			0.0000  			
02283 		 CST 		 002		  09 4 [09:00-12:59]		  1  			0.0000  			0.0000  			0.0000  			0.0000  			
02303 		 CST 		 001		  09 8 [09:00-16:59]		  1  			0.0000  			0.0000  			0.0000  			0.0000  			
02311 		 CST 		 002		  09 8 [09:00-16:59]		  1  			0.0000  			0.0000  			0.0000  			0.0000  			
02317 		 CST 		 003		  09 8 [09:00-16:59]		  1  			0.0000  			0.0000  			0.0000  			0.0000  			
02320 		 CST 		 003		  09 8 [09:00-16:59]		  1  			0.0000  			0.4730  			0.0000  			0.0000  			
02324 		 CST 		 016		  09 8 [09:00-16:59]		  1  			0.0000  			0.5488  			0.0000  			0.0000  			
02325 		 CST 		 003		  09 8 [09:00-16:59]		  1  			0.0000  			0.3004  			0.0000  			0.0000  			
02328 		 CST 		 034		  09 4 [09:00-12:59]		  1  			0.0000  			0.0000  			0.0000  			0.0000  			
02347 		 CST 		 044		  09 8 [09:00-16:59]		  0  			0.4556  			0.0000  			0.0000  			0.0000  			
02348 		 CST 		 001		  09 8 [09:00-16:59]		  1  			0.0000  			0.0000  			0.0000  			0.0000  			
02373 		 CST 		 003		  09 8 [09:00-16:59]		  1  			0.0000  			0.0000  			0.0000  			0.0000  			
02375 		 CST 		 006		  09 8 [09:00-16:59]		  1  			0.0000  			0.0000  			0.0000  			0.0000  			
02376 		 CST 		 003		  09 4 [09:00-12:59]		  1  			0.0000  			0.0000  			0.0000  			0.0000  			
02380 		 CST 		 002		  09 8 [09:00-16:59]		  1  			0.0000  			0.5397  			0.0000  			0.0000  			
02383 		 CST 		 002		  09 8 [09:00-16:59]		  1  			0.0000  			0.0000  			0.0000  			0.0000  			
02394 		 CST 		 004		  09 8 [09:00-16:59]		  1  			0.0965  			0.3317  			0.0000  			0.0000  			
02403 		 CST 		 020		  09 4 [09:00-12:59]		  1  			0.0000  			0.0000  			0.0000  			0.0000  			
02432 		 CST 		 004		  09 4 [09:00-12:59]		  1  			0.0000  			0.0000  			0.0000  			0.0000  			
02453 		 CST 		 002		  09 8 [09:00-16:59]		  1  			0.0000  			0.0000  			0.0000  			0.0000  			
02472 		 CST 		 003		  09 8 [09:00-16:59]		  1  			0.0000  			0.0000  			0.0000  			0.0000  			
02490 		 CST 		 035		  09 8 [09:00-16:59]		  1  			0.0000  			0.0000  			0.0000  			0.0000  			
02511 		 CST 		 001		  09 4 [09:00-12:59]		  1  			0.0000  			0.0000  			0.0000  			0.0000  			
02513 		 CST 		 002		  09 8 [09:00-16:59]		  1  			0.0000  			0.0000  			0.0000  			0.0000  			
02539 		 CST 		 001		  09 8 [09:00-16:59]		  1  			0.0000  			0.0000  			0.0000  			0.0000  			
02542 		 CST 		 001		  09 4 [09:00-12:59]		  1  			0.0000  			0.0000  			0.0000  			0.0000  			
02551 		 CST 		 038		  09 8 [09:00-16:59]		  1  			0.0000  			0.0000  			0.0000  			0.0000  			
02560 		 CST 		 002		  09 8 [09:00-16:59]		  1  			0.0000  			0.0000  			0.0000  			0.0000  			
02566 		 CST 		 020		  09 8 [09:00-16:59]		  1  			0.0000  			0.1748  			0.0000  			0.0000  			
02590 		 CST 		 002		  09 8 [09:00-16:59]		  1  			0.0000  			0.0000  			0.0000  			0.0000  			
02593 		 CST 		 005		  09 8 [09:00-16:59]		  1  			0.0000  			0.0000  			0.0000  			0.0000  			
02597 		 CST 		 004		  09 8 [09:00-16:59]		  1  			0.0000  			0.9647  			0.0000  			0.0000  			
02610 		 CST 		 004		  09 8 [09:00-16:59]		  1  			0.0000  			0.0000  			0.0000  			0.0000  			
02615 		 CST 		 003		  09 8 [09:00-16:59]		  1  			0.0000  			0.0000  			0.0000  			0.0000  			
02620 		 CST 		 002		  09 4 [09:00-12:59]		  1  			0.0000  			0.0000  			0.0000  			0.0000  			
05066 		 CST 		 001		  09 8 [09:00-16:59]		  1  			0.0000  			0.0000  			0.0000  			0.0000  			
05108 		 CST 		 045		  09 8 [09:00-16:59]		  1  			0.0000  			0.0000  			0.0000  			0.0000  			
05294 		 CST 		 003		  09 4 [09:00-12:59]		  1  			0.0000  			0.0000  			0.0000  			0.0000  			
05295 		 CST 		 003		  09 8 [09:00-16:59]		  1  			0.0000  			0.0000  			0.0000  			0.0000  			
50541 		 CST 		 020		  09 8 [09:00-16:59]		  1  			0.0000  			0.0000  			0.0000  			0.0000  			
50547 		 CST 		 003		  09 4 [09:00-12:59]		  1  			0.0000  			0.0000  			0.0000  			0.0000  			
50583 		 CST 		 049		  09 8 [09:00-16:59]		  1  			0.0000  			0.0000  			0.0000  			0.0000  			
